2.000000000000000111e-01 1.076614922383575396e-01
2.500000000000000000e-01 2.528793189784677153e-01
2.999999999999999889e-01 5.633450175262895154e-01
3.499999999999999778e-01 5.833750625938909362e-01
4.000000000000000222e-01 8.688032048072109603e-01
4.500000000000000111e-01 7.961942914371558100e-01
5.000000000000000000e-01 1.084126189283925790e+00
5.500000000000000444e-01 1.201802704056084137e+00
5.999999999999999778e-01 1.276915373059589465e+00
6.500000000000000222e-01 1.459689534301452207e+00
6.999999999999999556e-01 1.667501251877816726e+00
7.500000000000000000e-01 1.624937406109163929e+00
8.000000000000000444e-01 1.775162744116174585e+00
8.499999999999999778e-01 1.770155232849274007e+00
9.000000000000000222e-01 1.657486229344016238e+00
9.499999999999999556e-01 1.329494241362043194e+00
1.000000000000000000e+00 7.110665998998497717e-01
1.050000000000000044e+00 5.508262393590386274e-01
1.100000000000000089e+00 3.254882323485228102e-01
1.149999999999999911e+00 1.927891837756635085e-01
1.199999999999999956e+00 1.176765147721582500e-01
1.250000000000000000e+00 5.758637956935402924e-02
1.300000000000000044e+00 2.503755633450175516e-02
