2.857684133162571882e+01 9.666472317796539926e+00 1.201193043418781414e+01 1.543210099413890823e+01 1.659978544246631316e+01 2.399664309416998265e+01 4.101978763124566285e+01 1.769250201607750128e+01 2.576082550490481538e+01 3.123907739647557946e+01 1.634466521979976505e+01 2.115664881657637864e+01
3.389134933862296606e+01 1.145445488049368521e+01 1.446429264064506270e+01 2.600429364241684027e+01 1.955218955227077515e+01 2.588229635317640032e+01 4.669884972705958148e+01 2.064672229181957164e+01 2.816812406563229843e+01 2.345279262857051705e+01 1.879411201502040996e+01 2.315347383357678623e+01
3.067862725542419255e+01 1.398016304790006004e+01 1.667056612626502599e+01 3.277508864102505726e+01 2.395824531596623785e+01 3.160272806272110557e+01 3.094313350722838862e+01 2.430224266145333445e+01 3.130519068249616055e+01 2.590799609585345564e+01 2.177810662451634727e+01 2.643119305983520917e+01
4.783929247114895844e+01 1.787874653366205990e+01 2.149037858947304613e+01 3.564813542479407005e+01 2.896809194019353839e+01 3.730881893990486020e+01 5.154357792539710914e+01 3.017551497716042519e+01 4.142880246486104312e+01 2.467694979892660712e+01 2.600821674420285134e+01 3.254249341075125557e+01
4.756746347851970569e+01 2.059895910635934513e+01 2.399516013957616423e+01 4.341265211933404800e+01 3.457036886450617885e+01 4.392154670743673961e+01 7.882554707779745229e+01 3.675608459329586708e+01 4.788162074922016131e+01 3.635254623644116379e+01 3.231408339078137715e+01 3.948908942340978712e+01
7.395006118241175841e+01 2.510740947924332289e+01 2.880035827295519368e+01 6.608214410971297070e+01 3.940132371961112767e+01 5.319115007913714521e+01 1.178742178312991058e+02 4.328789994734415814e+01 5.867826570745070569e+01 2.783828270988794529e+01 3.589789201372485650e+01 4.550217039837487221e+01
7.491803735836094802e+01 2.849352414547642098e+01 3.250096779972146521e+01 9.993808697471102676e+01 4.831838823312256181e+01 6.068250979111356003e+01 1.137065952713496984e+02 4.845871050997820362e+01 6.281063567948845616e+01 3.215363964522467910e+01 4.246378156698429507e+01 5.134381095184767929e+01
6.294365863701969488e+01 3.176023324360940236e+01 3.559174207275670199e+01 1.078822133820828668e+02 5.493978650254264551e+01 7.188834432853074929e+01 1.046180538482106499e+02 5.357472552415578093e+01 7.058650605939035927e+01 3.384613834748675743e+01 4.561786433691627707e+01 5.874444199583719239e+01
6.765756954648269073e+01 3.476901894020215167e+01 3.986502130601711258e+01 9.613286802910327822e+01 5.911320952260875572e+01 7.486727289493016713e+01 7.781252773473697459e+01 5.710173272591683968e+01 7.516377765624248752e+01 6.267487851037205360e+01 5.329011603950408471e+01 6.866325346063104007e+01
5.257568679336553430e+01 3.975069270215441009e+01 4.424000648346731168e+01 1.638067444170955511e+01 6.376152099495098469e+01 8.139833681647046149e+01 6.796348281549956027e+01 6.661243241274803495e+01 8.535987970646732492e+01 5.117812531127396625e+01 6.329401433429760715e+01 7.410412104126226041e+01
1.064131179458128571e+02 6.173350774984353251e+01 7.238141746081355166e+01 1.875447642764952150e+01 9.296208847147181586e+01 1.253712136830524031e+02 1.210883775145119614e+02 1.013689872117229527e+02 1.428088347569097607e+02 2.297561609740241977e+02 1.086447807576411151e+02 1.475746514314558056e+02
2.011832651713176645e+01 7.073491035803699845e+01 8.721244904701539724e+01 -4.498387747820185467e+01 1.152218421226459100e+02 1.627294876148437197e+02 -1.323023865049881032e+01 1.177990363639198250e+02 1.614936058083660839e+02 2.053708547686842394e+02 1.367329750330376328e+02 1.943835036368914189e+02
7.752300707102233446e+01 9.518811543866507918e+01 1.203091872649180800e+02 1.454001361629219389e+02 1.697834606258161330e+02 2.500706667996373938e+02 5.628707339803561638e+00 1.479778287047615208e+02 2.201539134273554339e+02 1.558167263653657528e+02 1.616392632364049007e+02 2.280752206636516917e+02
-4.258361312428036172e+01 1.118273119947019723e+02 1.351387939101877294e+02 9.434590666351863320e+01 2.098681887830712185e+02 2.946518441718242798e+02 -8.584347880880316950e+01 1.823002147938573216e+02 2.616549825711410335e+02 -9.153211594882236568e+01 1.714865051275663177e+02 2.388781683907495221e+02
-1.144557189553686243e+02 1.615725954943330294e+02 1.441695296151443699e+02 1.555285233970546699e+02 2.815833815186510947e+02 3.196568851008478305e+02 -1.121948274216893111e+02 2.257837808137235243e+02 3.416026653385432041e+02 -4.393861047622660010e+01 2.647031684401524103e+02 2.613971797782376711e+02
-1.980458338086597507e+02 1.612735527291278288e+02 2.151986363834852227e+02 2.629317668743150307e+02 3.945029901391726526e+02 2.876405514583009335e+02 -2.695816865231051338e+02 2.111003979730467108e+02 4.602681453189549075e+02 -3.789650729992164884e+02 1.927534536080946168e+02 3.359921622197604165e+02
