1.000000000000000056e-01 1.475804062710153408e+00
1.064321608040200984e-01 1.480838674303162961e+00
1.128643216080402051e-01 1.485891599341021774e+00
1.192964824120603118e-01 1.490962689082255155e+00
1.257286432160804046e-01 1.496051795100080017e+00
1.321608040201004974e-01 1.501158769319163255e+00
1.385929648241205903e-01 1.506283464050262255e+00
1.450251256281407108e-01 1.511425731989913146e+00
1.514572864321608037e-01 1.516585426236982004e+00
1.578894472361808965e-01 1.521762400310584074e+00
1.643216080402010171e-01 1.526956508186473549e+00
1.707537688442211099e-01 1.532167604343279033e+00
1.771859296482412027e-01 1.537395543746768123e+00
1.836180904522612956e-01 1.542640181859345816e+00
1.900502512562813884e-01 1.547901374657196127e+00
1.964824120603015090e-01 1.553178978692659751e+00
2.029145728643216018e-01 1.558472851106717183e+00
2.093467336683416946e-01 1.563782849604908431e+00
2.157788944723618152e-01 1.569108832467922543e+00
2.222110552763819080e-01 1.574450658607524423e+00
2.286432160804020008e-01 1.579808187611676740e+00
2.350753768844220937e-01 1.585181279694230394e+00
2.415075376884422143e-01 1.590569795697837963e+00
2.479396984924623071e-01 1.595973597160633917e+00
2.543718592964824277e-01 1.601392546361400937e+00
2.608040201005025205e-01 1.606826506251129327e+00
2.672361809045226133e-01 1.612275340457635986e+00
2.736683417085427061e-01 1.617738913387107402e+00
2.801005025125627990e-01 1.623217090217003111e+00
2.865326633165828918e-01 1.628709736826793320e+00
2.929648241206029846e-01 1.634216719837866094e+00
2.993969849246230774e-01 1.639737906730614814e+00
3.058291457286431703e-01 1.645273165742572763e+00
3.122613065326632631e-01 1.650822365844627271e+00
3.186934673366833559e-01 1.656385376872523851e+00
3.251256281407035043e-01 1.661962069505282136e+00
3.315577889447235971e-01 1.667552315166497046e+00
3.379899497487436899e-01 1.673155986122473848e+00
3.444221105527638382e-01 1.678772955555886348e+00
3.508542713567839311e-01 1.684403097416401929e+00
3.572864321608040239e-01 1.690046286480173521e+00
3.637185929648241167e-01 1.695702398485981366e+00
3.701507537688442095e-01 1.701371309964147871e+00
3.765829145728643024e-01 1.707052898267518382e+00
3.830150753768843952e-01 1.712747041739970832e+00
3.894472361809044880e-01 1.718453619532837040e+00
3.958793969849245808e-01 1.724172511628208282e+00
4.023115577889446737e-01 1.729903599018790761e+00
4.087437185929647665e-01 1.735646763504729906e+00
4.151758793969848593e-01 1.741401887740875454e+00
4.216080402010049522e-01 1.747168855401384224e+00
4.280402010050250450e-01 1.752947550952576927e+00
4.344723618090451378e-01 1.758737859761785538e+00
4.409045226130653417e-01 1.764539668200068911e+00
4.473366834170854345e-01 1.770352863412228972e+00
4.537688442211055273e-01 1.776177333513029755e+00
4.602010050251256201e-01 1.782012967565901773e+00
4.666331658291457130e-01 1.787859655412014970e+00
4.730653266331658058e-01 1.793717287931922311e+00
4.794974874371858986e-01 1.799585756860287544e+00
4.859296482412059914e-01 1.805464954774249842e+00
4.923618090452260843e-01 1.811354775297249198e+00
4.987939698492461771e-01 1.817255112820532092e+00
5.052261306532662699e-01 1.823165862704042794e+00
5.116582914572863627e-01 1.829086921248010977e+00
5.180904522613064556e-01 1.835018185529373014e+00
5.245226130653265484e-01 1.840959553680715066e+00
5.309547738693466412e-01 1.846910924618308414e+00
5.373869346733667340e-01 1.852872198180645968e+00
5.438190954773869379e-01 1.858843275167342046e+00
5.502512562814070307e-01 1.864824057133019464e+00
5.566834170854271235e-01 1.870814446677341980e+00
5.631155778894472164e-01 1.876814347166630759e+00
5.695477386934673092e-01 1.882823662894597350e+00
5.759798994974874020e-01 1.888842299073730580e+00
5.824120603015074948e-01 1.894870161681678988e+00
5.888442211055275877e-01 1.900907157719953888e+00
5.952763819095476805e-01 1.906953194911924498e+00
6.017085427135677733e-01 1.913008181954716891e+00
6.081407035175878661e-01 1.919072028360287563e+00
6.145728643216079590e-01 1.925144644475185629e+00
6.210050251256280518e-01 1.931225941583684769e+00
6.274371859296481446e-01 1.937315831691015955e+00
6.338693467336682374e-01 1.943414227793994309e+00
6.403015075376883303e-01 1.949521043591808223e+00
6.467336683417084231e-01 1.955636193726195238e+00
6.531658291457285159e-01 1.961759593606293706e+00
6.595979899497486088e-01 1.967891159481058194e+00
6.660301507537688126e-01 1.974030808454003694e+00
6.724623115577889054e-01 1.980178458370079220e+00
6.788944723618089983e-01 1.986334027990243500e+00
6.853266331658290911e-01 1.992497436758173812e+00
6.917587939698491839e-01 1.998668605045956559e+00
6.981909547738692767e-01 2.004847453900648446e+00
7.046231155778893696e-01 2.011033905262467947e+00
7.110552763819094624e-01 2.017227881775132126e+00
7.174874371859295552e-01 2.023429306916838311e+00
7.239195979899496480e-01 2.029638104909091911e+00
7.303517587939697409e-01 2.035854200746956888e+00
7.367839195979898337e-01 2.042077520203534391e+00
7.432160804020099265e-01 2.048307989773932025e+00
7.496482412060300193e-01 2.054545536753412449e+00
7.560804020100501122e-01 2.060790089121412816e+00
7.625125628140702050e-01 2.067041575665292452e+00
7.689447236180902978e-01 2.073299925832291724e+00
7.753768844221105017e-01 2.079565069872717498e+00
7.818090452261305945e-01 2.085836938683302222e+00
7.882412060301506873e-01 2.092115463949722809e+00
7.946733668341707801e-01 2.098400577997873384e+00
8.011055276381908730e-01 2.104692213922920718e+00
8.075376884422109658e-01 2.110990305457708605e+00
8.139698492462310586e-01 2.117294787082423024e+00
8.204020100502511514e-01 2.123605593913384215e+00
8.268341708542712443e-01 2.129922661792110983e+00
8.332663316582913371e-01 2.136245927194360128e+00
8.396984924623114299e-01 2.142575327299518495e+00
8.461306532663315227e-01 2.148910799918680059e+00
8.525628140703516156e-01 2.155252283545537217e+00
8.589949748743717084e-01 2.161599717302661983e+00
8.654271356783918012e-01 2.167953040974242462e+00
8.718592964824120051e-01 2.174312194970836831e+00
8.782914572864320979e-01 2.180677120343077924e+00
8.847236180904521907e-01 2.187047758766392569e+00
8.911557788944722835e-01 2.193424052533683888e+00
8.975879396984923764e-01 2.199805944562335025e+00
9.040201005025124692e-01 2.206193378363552782e+00
9.104522613065325620e-01 2.212586298073591529e+00
9.168844221105526548e-01 2.218984648398722115e+00
9.233165829145727477e-01 2.225388374670243863e+00
9.297487437185928405e-01 2.231797422767609174e+00
9.361809045226129333e-01 2.238211739192084604e+00
9.426130653266330262e-01 2.244631270976244597e+00
9.490452261306531190e-01 2.251055965764670042e+00
9.554773869346732118e-01 2.257485771725020296e+00
9.619095477386933046e-01 2.263920637617018894e+00
9.683417085427133975e-01 2.270360512727124913e+00
9.747738693467334903e-01 2.276805346901149996e+00
9.812060301507536941e-01 2.283255090528812925e+00
9.876381909547737870e-01 2.289709694513564209e+00
9.940703517587938798e-01 2.296169110331633956e+00
1.000502512562813973e+00 2.302633289918852189e+00
1.006934673366834065e+00 2.309102185816777730e+00
1.013366834170854158e+00 2.315575750975520375e+00
1.019798994974874251e+00 2.322053938971648801e+00
1.026231155778894344e+00 2.328536703762313476e+00
1.032663316582914437e+00 2.335023999918818483e+00
1.039095477386934530e+00 2.341515782406143220e+00
1.045527638190954622e+00 2.348012006747473457e+00
1.051959798994974715e+00 2.354512628915375494e+00
1.058391959798994808e+00 2.361017605347486281e+00
1.064824120603014901e+00 2.367526893014695766e+00
1.071256281407034994e+00 2.374040449246235251e+00
1.077688442211055309e+00 2.380558231982566664e+00
1.084120603015075401e+00 2.387080199446918627e+00
1.090552763819095494e+00 2.393606310491503741e+00
1.096984924623115587e+00 2.400136524260835902e+00
1.103417085427135680e+00 2.406670800451319536e+00
1.109849246231155773e+00 2.413209099152432202e+00
1.116281407035175866e+00 2.419751380855442502e+00
1.122713567839195958e+00 2.426297606589039813e+00
1.129145728643216051e+00 2.432847737630311702e+00
1.135577889447236144e+00 2.439401735890851075e+00
1.142010050251256237e+00 2.445959563476863163e+00
1.148442211055276330e+00 2.452521183084158896e+00
1.154874371859296422e+00 2.459086557710542742e+00
1.161306532663316515e+00 2.465655650757988759e+00
1.167738693467336608e+00 2.472228426129788659e+00
1.174170854271356701e+00 2.478804847924022781e+00
1.180603015075376794e+00 2.485384880878036551e+00
1.187035175879396887e+00 2.491968489860342473e+00
1.193467336683416979e+00 2.498555640307764225e+00
1.199899497487437072e+00 2.505146297954215839e+00
1.206331658291457165e+00 2.511740428848260542e+00
1.212763819095477258e+00 2.518337999590941845e+00
1.219195979899497351e+00 2.524938976872834306e+00
1.225628140703517444e+00 2.531543328028146078e+00
1.232060301507537758e+00 2.538151020525103885e+00
1.238492462311557851e+00 2.544762022271465973e+00
1.244924623115577944e+00 2.551376301597721330e+00
1.251356783919598037e+00 2.557993826953656402e+00
1.257788944723618130e+00 2.564614567435842929e+00
1.264221105527638223e+00 2.571238492174713119e+00
1.270653266331658315e+00 2.577865570821419539e+00
1.277085427135678408e+00 2.584495773344531511e+00
1.283517587939698501e+00 2.591129069861296319e+00
1.289949748743718594e+00 2.597765431118781443e+00
1.296381909547738687e+00 2.604404827838842529e+00
1.302814070351758780e+00 2.611047231296654392e+00
1.309246231155778872e+00 2.617692613030135451e+00
1.315678391959798965e+00 2.624340944717747259e+00
1.322110552763819058e+00 2.630992198664914294e+00
1.328542713567839151e+00 2.637646347112247547e+00
1.334974874371859244e+00 2.644303362841520677e+00
1.341407035175879336e+00 2.650963218904426100e+00
1.347839195979899429e+00 2.657625888432254779e+00
1.354271356783919522e+00 2.664291345202314698e+00
1.360703517587939615e+00 2.670959562910659724e+00
1.367135678391959708e+00 2.677630515726475924e+00
1.373567839195979801e+00 2.684304178167227217e+00
1.379999999999999893e+00 2.690980524719488454e+00
