2.583333333333333481e+00 -5.228517803068093883e+00 7.016323466431487708e-03 -5.255438657157974092e+00 -5.211296208651820194e+00 -5.232439890589674292e+00
4.549999999999999822e+00 -5.164751679499047121e+00 5.182529331718557959e-03 -5.182607242932300906e+00 -5.159364720589945108e+00 -5.163052597914752795e+00
6.535714285714285587e+00 -5.118284552441812352e+00 4.168738977932425101e-03 -5.122312158434264795e+00 -5.111348186640027436e+00 -5.112202034756778701e+00
8.527777777777778567e+00 -5.070983727117337025e+00 3.893143248685825356e-03 -5.074973664152878428e+00 -5.071259969854508221e+00 -5.071551898263260583e+00
1.052272727272727337e+01 -5.038471438682952552e+00 3.401550714713865060e-03 -5.038336342933943612e+00 -5.039062541243184867e+00 -5.039222828464228421e+00
1.251923076923077005e+01 -5.015209121394899050e+00 3.112122764623509192e-03 -5.010189086760256316e+00 -5.013709470891392073e+00 -5.013828276135457784e+00
1.451666666666666750e+01 -4.994254915675540474e+00 2.989327408938985495e-03 -4.988790646111186611e+00 -4.994093876530963705e+00 -4.994159463540554178e+00
1.651470588235294201e+01 -4.981125737771773920e+00 2.693361639523806327e-03 -4.972824931401812698e+00 -4.979260893432806867e+00 -4.979325763041854813e+00
1.851315789473684248e+01 -4.962942836604155694e+00 2.611307521426786942e-03 -4.961295427675604941e+00 -4.968432663491978651e+00 -4.968461827571367451e+00
2.482999999999999829e+01 -4.955009057761843749e+00 1.287761893750202866e-03 -4.948445983672747239e+00 -4.956158600305263562e+00 -4.956172361751614908e+00
3.473571428571428754e+01 -4.972757176633297860e+00 1.056419508653996591e-03 -4.964315539259257726e+00 -4.971335288864546342e+00 -4.971340281620372004e+00
4.468333333333333002e+01 -5.011572816771664662e+00 9.638194424944817934e-04 -5.006239442081358959e+00 -5.011949248557415970e+00 -5.011952082413908549e+00
5.464999999999999858e+01 -5.064250417789323500e+00 8.701262570005249570e-04 -5.059001954904865705e+00 -5.063404687867100407e+00 -5.063406231703586613e+00
6.462692307692307736e+01 -5.118604658008719888e+00 8.078540331546864555e-04 -5.113850578266645464e+00 -5.117160088913960792e+00 -5.117161222174429369e+00
7.460999999999999943e+01 -5.167879331156047584e+00 7.543379812034388095e-04 -5.165660088102805858e+00 -5.168163489721546711e+00 -5.168164336908079193e+00
8.459705882352940876e+01 -5.213795186654452962e+00 6.880857767417308942e-04 -5.211806671937028845e+00 -5.213809254746989197e+00 -5.213809894119719068e+00
9.458684210526315894e+01 -5.252739347733166753e+00 6.572652541723256322e-04 -5.251792496023115042e+00 -5.253560368144535531e+00 -5.253560915957438127e+00
1.045785714285714221e+02 -5.287898303712579740e+00 6.089582746058612092e-04 -5.286768518744687562e+00 -5.288475462665708449e+00 -5.288475884645617242e+00
1.145717391304347785e+02 -5.320932185143171012e+00 6.006673735698196508e-04 -5.318716371169810664e+00 -5.320429187837776297e+00 -5.320429545463100318e+00
1.245660000000000025e+02 -5.351368351611109020e+00 5.766329165448890208e-04 -5.349610500938231539e+00 -5.351308747327947479e+00 -5.351309078380658946e+00
1.345611111111111029e+02 -5.381894757339249047e+00 5.557971960454796733e-04 -5.380838752499662370e+00 -5.382454954614107834e+00 -5.382455214888604011e+00
1.445568965517241509e+02 -5.415357133531619738e+00 5.259817984425730350e-04 -5.413042886695573763e+00 -5.414498532982332968e+00 -5.414498759876008371e+00
1.545532258064516213e+02 -5.447529542006536829e+00 4.999720642137634331e-04 -5.446189345950870120e+00 -5.447417348241998525e+00 -5.447417559209094762e+00
1.645500000000000114e+02 -5.479976634707365513e+00 4.922842518457130716e-04 -5.479716121836904819e+00 -5.480676396759192492e+00 -5.480676580950575527e+00
1.745471428571428589e+02 -5.513621260005221458e+00 4.942057656796449610e-04 -5.512735837333850419e+00 -5.513425734681207224e+00 -5.513425906976521240e+00
1.845445945945945994e+02 -5.544709616612775172e+00 4.715787364957273100e-04 -5.544290573233368491e+00 -5.544744858457328007e+00 -5.544745015763599127e+00
1.945423076923077019e+02 -5.573792119198975215e+00 4.465464824744795613e-04 -5.573605646571818895e+00 -5.573886826359339963e+00 -5.573886959451207268e+00
2.045402439024390162e+02 -5.600270252398407145e+00 4.406661054788387562e-04 -5.600270632287822181e+00 -5.600452549327802565e+00 -5.600452673308279117e+00
2.145383720930232698e+02 -5.624370095338310449e+00 4.180470568997644723e-04 -5.624293810121908876e+00 -5.624443532189514983e+00 -5.624443649631802877e+00
2.245366666666666617e+02 -5.646225318641758584e+00 4.151461166884134611e-04 -5.646027688237844622e+00 -5.646193080796417796e+00 -5.646193185040446316e+00
2.345351063829787108e+02 -5.665519059063278462e+00 4.243439026639028114e-04 -5.666020127542029883e+00 -5.666225948892639863e+00 -5.666226056420511803e+00
2.445336734693877645e+02 -5.685432505081319476e+00 4.197738359647532795e-04 -5.684865161056516847e+00 -5.685114753222657136e+00 -5.685114854884359303e+00
2.545323529411764696e+02 -5.703299403700023973e+00 3.995352783017649500e-04 -5.703094934434195018e+00 -5.703375295513698262e+00 -5.703375384322297847e+00
2.645311320754717030e+02 -5.721435090094131759e+00 3.971093388399796567e-04 -5.721111756230456535e+00 -5.721399358703794569e+00 -5.721399446914552378e+00
2.745299999999999727e+02 -5.739790275591473367e+00 3.819630764963635261e-04 -5.739147266613969123e+00 -5.739413743389810030e+00 -5.739413820005363043e+00
2.845289473684210293e+02 -5.757838196837049338e+00 3.859380426124667273e-04 -5.757246601956571119e+00 -5.757465470717491485e+00 -5.757465540540053439e+00
2.950338409475465369e+02 -5.776182440279002073e+00 3.487327269645373764e-04 -5.776181908510930718e+00 -5.776330723936005995e+00 -5.776330791292969558e+00
