4.149166493510590104e-06 5.999643227072773676e-05
5.427476952817567590e-06 2.286292062291110479e-05
6.564059544361897543e-06 6.725048638721568166e-05
1.850629032659142171e-06 8.710903847177868260e-05
3.804265435040933524e-06 3.376509120039749385e-05
2.154000103845265713e-06 4.329559491725673169e-05
2.651609818506720083e-06 4.340703828976929726e-05
6.113804879664519618e-06 1.288311798744835401e-04
3.695763958569520137e-06 5.278896808388892139e-05
4.762418866257021097e-06 5.229922101073478032e-05
5.262876863377312173e-06 1.026770148481363039e-04
3.842790976599177721e-06 4.328065446988529468e-05
6.950355185858992991e-06 2.402195117340155328e-05
4.790717036771675074e-06 4.745107736601236314e-05
4.240730382025689873e-06 5.331283331780272230e-05
3.268955606062911744e-06 1.696777927203840135e-04
1.321062268464210678e-05 9.480928831904454894e-05
3.845715870437119454e-06 2.097918029735174549e-05
2.927454138315668216e-06 6.382149549541834773e-05
5.480560720078283963e-06 1.890484289103029888e-05
3.541442095102656167e-06 1.099682295581475168e-04
1.232688962294630894e-05 2.138100612965479843e-04
4.164598989620939890e-06 4.517795990055461592e-05
1.374129462162511531e-05 1.021352530619126358e-04
1.157033066101763114e-05 2.579668355521865184e-05
9.574039822879645386e-06 5.497838191071170179e-05
3.492008954231768395e-06 3.458259454965395042e-05
9.009240180445313731e-06 4.628876867753450777e-05
8.231200824617783995e-06 7.722836626912047461e-05
4.656165630194487698e-06 7.860615267070150604e-05
6.205896412714218457e-06 2.014611534617724724e-05
2.505037832876998604e-06 6.117220200270285743e-05
2.510130237561172249e-06 1.417767618711108558e-04
2.711129068180425388e-06 2.991300310035861296e-05
6.732136605995330631e-06 1.283291875817957155e-04
2.126442841955908826e-06 3.709951671633572611e-05
2.808732279087857844e-06 6.529748524563824873e-05
8.190564205589889464e-06 1.317373832028434423e-04
4.675908350120745814e-06 4.058446737994746427e-05
1.741250434412383900e-05 1.037066968784464957e-04
9.787809877797859566e-07 1.222688553385571728e-05
6.190670133193132669e-06 2.525001596241826377e-05
9.252392920331786478e-06 3.895866540083240391e-05
4.258794054819669147e-06 2.255168967556052525e-05
5.577418007976392613e-06 8.653897463434068540e-05
3.431994615738026981e-06 1.133974592577002681e-04
1.173834520917283867e-05 2.426784980511526436e-05
2.737111325331689121e-06 1.487448046871723313e-05
5.911477433028246693e-06 6.793732739864139761e-05
3.235617602006358353e-06 5.397776273707941013e-05
3.302234696344671244e-06 2.187152161948307846e-05
1.142955950002027866e-05 6.294478928367827706e-05
1.114893827297291477e-05 2.071481717650039563e-05
7.960810005161721305e-06 8.800703760267036661e-05
4.846813520425689787e-06 4.689104140942627804e-05
6.214087709948139592e-06 6.764718949100224650e-05
8.003405171191964470e-06 3.992963272087543883e-05
1.215794271156536625e-05 6.606792523503427514e-05
3.076185705507302435e-06 4.529251940195858295e-05
2.696806681228913774e-06 3.084707813574015159e-05
1.742040777611207765e-06 3.760771351281289395e-05
7.987380190777731563e-06 6.101754863958320905e-05
4.832712147449783422e-06 1.119508100814834984e-04
1.026266220981651397e-05 8.388022795337595936e-05
1.243707693774296858e-05 8.947883237533243734e-05
4.963230262997362719e-06 4.587876502233484546e-05
3.990336719615166617e-06 3.699883045952868005e-05
4.918163962616812053e-06 4.206374231070986918e-05
1.644700248546122749e-06 1.415910459027042079e-05
3.148483516705307324e-06 2.359256260967259187e-05
3.830923318416116920e-06 6.331953438881819803e-05
5.858607723888703019e-06 6.192940457581524180e-05
7.297942920278432315e-06 3.371228878955218652e-05
4.094236867740053239e-06 1.021153209899689331e-04
2.509496627832982800e-06 5.330331384428073116e-05
1.014102101141335469e-05 4.897788126252972926e-05
7.302687592295739297e-06 1.156775270809768534e-05
2.007617933858627763e-06 4.019457344883680495e-05
3.010851339680065420e-06 1.993833886219082457e-05
1.404122245669026373e-05 2.514808885304218642e-05
8.288110982977271596e-06 2.337978156331734121e-05
1.956587179491173452e-06 6.716526262818666576e-05
5.071279239943131182e-06 5.080343685787265892e-05
4.059331473522734912e-06 3.729520054010974055e-05
5.699769063532449304e-06 1.455922728980184441e-04
9.733497531022013225e-06 3.757161825366668991e-05
8.988473589663898721e-06 1.033955688982531946e-04
1.267773762698791960e-05 7.285750050384336423e-05
7.215531347426599768e-06 5.428600319405269681e-05
6.134163109237521988e-06 2.805150974400124730e-05
6.626286609473039531e-06 7.752574300909737752e-05
7.592112175662449568e-06 3.622678024256903532e-05
4.635593618461294635e-06 4.254689148961596316e-05
9.437955691935870174e-06 7.883088495305318199e-05
5.658033385993220834e-06 1.826914212815209965e-05
5.011289823884801110e-06 3.820697650178366266e-05
7.577914375295429906e-06 3.409638223354702618e-05
6.996484056655348997e-06 4.628270186794996438e-05
4.915842897839159437e-06 2.979784053882613565e-05
3.967460882517315104e-06 5.503168234475191772e-05
6.028121003994972329e-06 5.236116930507132795e-05
4.187874626174955745e-06 2.672173729329095494e-05
4.279051637604074292e-06 1.226452029616216055e-04
4.124296326690352246e-06 1.210105180409288070e-04
4.242599043389619766e-06 4.583191330651938334e-05
4.551303171738703904e-06 1.086204038240606981e-04
5.740802743121243078e-06 6.775657821640480296e-05
4.412255776148438893e-06 6.290553623198152911e-05
2.870774124743520281e-06 9.094899533974066554e-05
2.488488076072848142e-06 3.092699898585959923e-05
4.937533119740270500e-06 3.027477918000321839e-05
7.305957060556489315e-06 2.314121010221075286e-05
3.489715189904540723e-06 6.016774413704622794e-05
4.686305353260712259e-06 9.850512246197715659e-05
8.316432019771364856e-06 3.171447931407615621e-05
4.044177377965823132e-06 8.181548566358736460e-05
8.530229327954375163e-06 2.635066703660997832e-05
5.082059161526189990e-06 4.021121814941505478e-05
1.423986296228576767e-05 9.065899291007768269e-05
5.796163676842886333e-06 3.884553971970230546e-05
4.740651510541524952e-06 5.582172077961380967e-05
5.988912277054657255e-06 3.928740409926331361e-05
2.021753248122324439e-05 7.200581095769663798e-05
5.291297338582191935e-06 8.830803593496776543e-05
1.137779718743533830e-05 4.070020550935357352e-05
4.264910224011309006e-06 6.096772308290937921e-05
2.209384160416834341e-06 8.215552732645762136e-05
6.288921972898916808e-06 4.088453952623642137e-05
4.309641876962328602e-06 5.425651125190270751e-05
6.787377936817458816e-06 3.917241337198750222e-05
2.292426386301501444e-06 5.576584164865838609e-05
4.786923976987435020e-06 4.528849470574256828e-05
4.321555060649998135e-06 9.744472786626569717e-05
6.337902700521134448e-06 2.260863192054037780e-05
5.229849413413778861e-06 5.845508532200431937e-05
6.652018079273014016e-06 3.796354846479573793e-05
4.824349715228775707e-06 3.816268750933467799e-05
1.189072949972203661e-06 7.315469554302707529e-05
4.136038158449120174e-06 4.600751502879479415e-05
3.456792482937934117e-06 1.840977674875091021e-05
5.063791620135665247e-06 8.266491735503154418e-05
8.055045010386732764e-06 6.984217909811569157e-05
7.017096679935105354e-06 8.367260142326013287e-05
4.146705139099489679e-06 2.566328745067348479e-05
3.254274775511346584e-06 6.260698120789003399e-05
3.639567975070697431e-06 1.872926411830649299e-05
1.332226948609404773e-05 3.643632213404051999e-05
2.151574540129854644e-06 5.434293609508952756e-05
9.630327692360265998e-06 3.800238990433813169e-05
2.622296248738742555e-06 9.624607586248782391e-06
3.961551074070672703e-06 7.908579940717109407e-05
8.511285582288772740e-06 5.224892720579437370e-05
1.004378633725856885e-05 5.914558731104972532e-05
8.003953466766151797e-06 5.129787234872134239e-05
9.406991276979037109e-06 6.768339602120094893e-05
6.420555457994747532e-06 7.782239118351830492e-05
1.017474149739703170e-05 3.830212093103288121e-05
6.231629079871258835e-06 3.085902884573689240e-05
2.806411601942003107e-06 8.988022283876424617e-05
5.298776706128104396e-06 4.091833748760582442e-05
1.128049991289310681e-05 3.830848011035156708e-05
2.909272423547318232e-06 7.351117116271041029e-05
2.541649512795604470e-06 4.783973192985366063e-05
4.806721845713750209e-06 3.009955349540968967e-05
7.023542291861497687e-06 6.759798188546625437e-05
3.950781182596331594e-06 4.317093885687541682e-05
5.582699926924194133e-06 9.864952044756365029e-05
5.299940477138286645e-06 4.819520960636092255e-05
4.586344520539423784e-06 2.038405973877862112e-05
1.849771385429402844e-06 3.607050120526868615e-05
3.232355011156813038e-06 6.155640652428198852e-05
3.502181796954750274e-06 5.781217320557222104e-05
2.627742736185907502e-06 8.167091321950680600e-05
4.816246242666864352e-06 8.053625851642968786e-05
8.103012355366231843e-06 9.605031351419944128e-05
6.817128675805795429e-06 2.113309016743394658e-05
3.117627040996162264e-06 2.375642410427773223e-05
5.452510595597874282e-06 7.245646071007032566e-05
1.023260842291641292e-05 3.661271026250039265e-05
8.440752734621272832e-06 3.141203783724215236e-05
4.183444045587339468e-06 3.334827688190474638e-05
4.887982165214628022e-06 5.049126712397058878e-05
3.020255823621332187e-06 3.908922181389168121e-05
7.367443311584725539e-06 8.677249827983349306e-05
6.717403672298811231e-06 4.200408925254656270e-05
2.414659110064842117e-06 4.667484895236741709e-05
6.987623291862779838e-06 4.451764250866111693e-05
6.569835643727737664e-06 2.856582187018578067e-05
6.949168495204129072e-06 5.470057396539484664e-05
6.604480161077528468e-06 5.239171437846109047e-05
6.391643884511012733e-06 6.688114416529039499e-05
3.246005847205810434e-06 7.443442661277887521e-05
8.897952072876931488e-06 2.536133668699860024e-05
9.402383659156262420e-06 4.035728047401404290e-05
3.330630074739304296e-06 8.119550721241400760e-05
5.032832010710489735e-06 1.646776507346003286e-04
3.838948432220991033e-06 7.826869262328544328e-05
3.699156697598931519e-06 2.247290027795186224e-05
1.980591531757089507e-06 1.893043770474624410e-05
6.738536832896193611e-06 3.030558947473672865e-05
1.038260011062498929e-05 1.231669177839443219e-04
1.634688514762665546e-06 4.716402543866932330e-05
6.211871215087225822e-06 3.889777967671899042e-05
5.059720467789083870e-06 7.404880640449705825e-05
1.195549270615378110e-05 1.133741512581065198e-04
5.086001410442217182e-06 9.773644814445093837e-05
5.027929153324713412e-06 2.718591537659323807e-05
3.535239525399468111e-06 9.054952691801914863e-05
6.368477057710139068e-06 9.611985152170901233e-05
3.217222120773093820e-06 9.377526373441636136e-05
3.435503624214372170e-06 4.381867233708911907e-05
4.145745698988520835e-06 2.303876844002734418e-05
8.342950392428036279e-06 7.365300152001914445e-05
5.135661050501711770e-06 5.131821884773318798e-05
5.458535823534956736e-06 7.053169905336739037e-05
4.233857952783682682e-06 6.676854153029722978e-05
4.844901750526660286e-06 4.745179543653967117e-05
2.391495393879820333e-06 1.829203016305702966e-05
5.877914145280870240e-06 2.864092120254625845e-05
5.591667492528737021e-06 4.686415952157263850e-05
3.860197046199148022e-06 7.461440698364971711e-05
4.769200299332017787e-06 4.679378499624449114e-05
2.562301612434511318e-06 1.527776340532217554e-05
6.049661103141101190e-06 2.675387379931001079e-05
5.273445218360684105e-06 9.120286945854448005e-05
1.685684207179626343e-05 5.374308068719789357e-05
4.797905885692835161e-06 1.343059882894805080e-04
3.094819695194034469e-06 9.455035872361855314e-05
7.610425751512665779e-06 3.485602147628877816e-05
4.517523889678967311e-06 4.839999772883253783e-05
1.797284340624254684e-06 4.439790234278548836e-05
2.396693202132038855e-06 6.554465155887737547e-05
1.238441650693051431e-06 5.139231304574930806e-05
5.852457317705162067e-06 4.670829596880123248e-05
3.704838122054423657e-06 3.744178340843853979e-05
1.902267748628750401e-05 5.962451162514473328e-05
4.290240688032237461e-06 1.296940038776348079e-04
4.412084704903752884e-06 4.718828146923429584e-05
1.554082911166948740e-06 3.989988888032937987e-05
5.772049151171802909e-06 4.835227825603103047e-05
1.079702880224579224e-05 4.766200725648378332e-05
4.309583185033063601e-06 6.236501675972521645e-05
4.788404955544579555e-06 7.311821482283218493e-05
7.543118625919106926e-06 1.789186493473577075e-05
5.522144364252734755e-06 5.504687741252881663e-05
9.396359505647366428e-06 4.731305004903477385e-05
6.815293009719383540e-06 3.739352203515108181e-05
8.101358002183532521e-06 5.623180422038042591e-05
4.045736947653812402e-06 7.049533340204128078e-05
6.680565829689202402e-06 3.450891901443015785e-05
7.174830125806113860e-06 4.171238326967150991e-05
1.169702606819356492e-05 1.599890689284655379e-05
1.671942583624099620e-06 4.307779865775996980e-05
5.248378619679186655e-06 4.633589450358391798e-05
4.140787990823716748e-06 9.344077153255352965e-05
5.198890014351369476e-06 9.764041148901474426e-05
6.664925288315998941e-06 7.336485621406393421e-05
9.565515738017045121e-06 1.638132986316151625e-04
1.091375797122024013e-05 6.289574138247787003e-05
7.278825225307075708e-06 3.264760057296253748e-05
3.037584934025977783e-06 3.230029197035441386e-05
4.494344734615839714e-06 4.458339916347576776e-05
7.965529781024912660e-06 2.802030332901091206e-05
8.578704876967847826e-06 3.491110504917428655e-05
2.005838094613080583e-06 7.200537683791276170e-05
3.834450346120677173e-06 6.233002859396551446e-05
6.728060735666021565e-06 5.261865262571860017e-05
5.444091694825286056e-06 2.862932589758417393e-05
5.707751884012857284e-06 4.616232096739789932e-05
8.093626964256755041e-06 7.539848183611939654e-05
4.172039701757332954e-06 5.263151659201588021e-05
5.735929769762819549e-06 2.050319115802848652e-05
6.238033348978646286e-06 7.259234092651608867e-05
7.167449634581934959e-06 9.118738498359518026e-05
5.433446928694759630e-06 2.786595136236919546e-05
6.006151847709799748e-06 3.382704418372683362e-05
6.660069848947948325e-06 1.641429332089289032e-04
4.829257095780559049e-06 8.040259865640002671e-05
6.092655027786913662e-06 2.087214994628399929e-05
2.016488092740854919e-06 2.889275388488345511e-05
2.472195049517317281e-06 2.771678239547244204e-05
9.911789847981272242e-06 3.790308112299522943e-05
6.630604611697738718e-06 8.963073392860076234e-05
5.368859033390349529e-06 8.204068287299135561e-05
2.990636617029105277e-06 6.179457367942126707e-05
5.999537836107803934e-06 4.149693327939880770e-05
6.691804081908854402e-06 3.543591800604118796e-05
1.056460716262614621e-05 2.411205070670444558e-05
6.524185800247899745e-06 4.093677526801432548e-05
8.890009053373195227e-06 6.282836796794349823e-05
6.004407026796099509e-06 3.407210722317063130e-05
4.965890714070295425e-06 1.198840671943219850e-04
3.844648443691021412e-06 3.489497349722247866e-05
9.536916315788554331e-07 8.112088473078205345e-05
1.078905872822370814e-05 4.862563736786020056e-05
6.059016849422482623e-06 7.633828039263432241e-05
7.355240452309660101e-06 1.805557496808745638e-05
9.465874529661415533e-06 3.373922150109009678e-05
7.666967538822786854e-06 8.631038651005186121e-05
8.395758501273951064e-06 4.177122279307824717e-05
5.667698322534928851e-06 7.240504374877591897e-05
4.525298574172139771e-06 6.615047046357980481e-05
1.135118413138196271e-05 6.721749202117304834e-05
1.280425838791005335e-05 5.470235974607001598e-05
3.514006973182582540e-06 5.923585225518939227e-05
2.401801190964075433e-06 3.067571630613360984e-05
3.442800558885360768e-06 4.667696489520308960e-05
9.193405783479427691e-06 3.244435091140088554e-05
5.548822873616567556e-06 1.282963468513728147e-05
7.065665487898553534e-06 9.348529245421320752e-05
6.519621268479433225e-06 1.105307272497221545e-04
5.412968473000334555e-06 6.396184413778158617e-05
5.701355436515983541e-06 7.509487290355910992e-05
5.873916258675518195e-06 3.908214188531189951e-05
4.144775228799598290e-06 6.489222868094584446e-05
6.642395976419651399e-06 5.733790214833479242e-05
3.176605996099005812e-06 4.231012316753645887e-05
4.780810664733358339e-06 3.443608725929249757e-05
2.070266217167066724e-06 3.475215518251478954e-05
8.148835868444792991e-06 4.787253339911723193e-05
7.520728985911540703e-06 3.725567062437519316e-05
4.910134190854218693e-06 7.671288205574804207e-05
8.097821229886694873e-06 8.629876741987076681e-05
4.083012077561716882e-06 5.870093591530536957e-05
3.812792847844271344e-06 2.916658973751249466e-05
3.460629900188251796e-06 1.153865678039251032e-04
4.383262165837734115e-06 6.523456466929090512e-05
4.944760822594867896e-06 4.526544924369335356e-05
1.081831361644308091e-05 6.183576102338713711e-05
4.862915176058102704e-06 7.535342076185524355e-05
5.629185013881235276e-06 5.653279169038862755e-05
8.879577538180562983e-06 3.550416010621558217e-05
4.222768960017028425e-06 5.802674012315794071e-05
5.706093258669988864e-06 6.538228578184140688e-05
6.573164014828122223e-06 6.417241428823018126e-05
9.048145095986783671e-06 1.266251257757571068e-04
3.114463986168280893e-06 4.600401085107742389e-05
1.301032981402760112e-05 1.204802728236287722e-04
4.420743273918121497e-06 7.789782028554715916e-05
7.467058068018654189e-06 1.269747408639313412e-04
2.409176864503436663e-06 5.103795837114871590e-05
4.275065635932664497e-06 2.799497620645429588e-05
1.426678129995425500e-05 6.120033871680922251e-05
1.165473855960236345e-05 2.859782514177897433e-05
4.677388460883569246e-06 1.103045692515928507e-04
9.935889692877808522e-06 1.274413933601645621e-05
4.866088026818052839e-06 3.409505137444760852e-05
5.899239316567755269e-06 4.857184680708957774e-05
2.590749775004811001e-06 6.900221331386560935e-05
4.142531727027475355e-06 3.718300092297802253e-05
7.805035731002582538e-06 1.925526466010485784e-05
9.167248218470761724e-06 4.198054773128661758e-05
3.832205992635378103e-06 3.278658161827441037e-05
8.021167446749460925e-06 3.902819450235911052e-05
5.987923225154300345e-06 4.068156915531894293e-05
1.907322645567121317e-05 8.183094979871214031e-05
5.139346455140584312e-06 6.631557835528414685e-05
9.890374662237383510e-06 5.249712428769659879e-05
5.380014922736891426e-06 3.008561441679028363e-05
1.356556857185004394e-05 8.856164414803597152e-05
3.854902269639662984e-06 3.569155045048316900e-05
6.626464053417657485e-06 1.040194854158771391e-04
4.220165321548432383e-06 4.684627817544724103e-05
5.325941950416771587e-06 5.726107958051889803e-05
2.323006118631200053e-06 1.089786868949595714e-04
6.730129108454970487e-06 6.501784658914594526e-05
4.925817955537318247e-06 2.512759425997830465e-05
5.778526686264522730e-06 4.548444027710311243e-05
9.840291485544176283e-06 1.638053354649076713e-05
2.181471010461291889e-06 2.849894226765867157e-05
8.497792186395683404e-06 1.025686655108030938e-04
8.185078374123113168e-06 7.617634863909106388e-05
7.295152408300030287e-06 4.397873830281798208e-05
5.094680712775329940e-06 5.810393166209774609e-05
1.528368906826444923e-05 8.745628686618481609e-05
3.845041319421771684e-06 4.339786561453331734e-05
3.065722332921308255e-06 3.722972666986699877e-05
3.838629027624547382e-06 2.694727135196272436e-05
3.472355655809784846e-06 2.219415560943039888e-05
7.551617811950439749e-06 5.772624989192618513e-05
3.272034111510040401e-06 4.997805945195743065e-05
7.017271699170589542e-06 9.837277652422788006e-05
8.567600670139297140e-06 9.927125754748323703e-05
6.013028824529510173e-06 2.916989452693839377e-05
3.115922528566050602e-06 1.664915969227843295e-05
5.850887335155406482e-06 6.889559993297707284e-05
6.606447585407261172e-06 4.581752661325314550e-05
1.597866170695553766e-05 4.952772318959130300e-05
3.352895473276902379e-06 6.793896874937947457e-05
4.806648212853824289e-06 7.073203744147374926e-05
1.164111742685436034e-05 4.650151394118645724e-05
7.045894737612118975e-06 3.214859458475507293e-05
5.793127649101867877e-06 8.012785247960609860e-05
5.939747355445402118e-06 5.395210175647550027e-05
5.252325698843767140e-06 1.645443877737495005e-04
6.431186369640142121e-06 2.744711195447117238e-05
1.007977578374132870e-06 1.997392918925444636e-05
9.701526242457022872e-06 6.658551045341242229e-05
2.670311468581940611e-06 2.245425248850063009e-04
4.369721348117535776e-06 4.983077860734042155e-05
3.265348653973486586e-06 5.548755994845499352e-05
7.345655926785320064e-06 4.056464742285134585e-05
6.146083980492172967e-06 1.911504022617054158e-05
5.501690220337872844e-06 2.466591917766378756e-05
5.211335271626107400e-06 3.466028286034918772e-05
4.935683620645808735e-06 1.866937893968795452e-05
8.438831033927421261e-06 4.031374933086334845e-05
1.018284644675861824e-05 2.682098814215328069e-05
6.642776414233570550e-06 3.347294706865170652e-05
1.015209499678173753e-05 8.132978066938117013e-05
5.330896106602398953e-06 1.093574752028722677e-04
8.114241400925022236e-06 1.233751414208712467e-04
7.994468633953581542e-06 9.427837679103890880e-06
8.133719231593508926e-06 4.367726827398405728e-05
5.270214950452400486e-06 1.426241708091229715e-04
5.822593339487892285e-06 7.086810087394370577e-05
8.405952336755428416e-06 6.766260190229677945e-05
4.866593647907214273e-06 7.939379358702712379e-05
4.355451444021382180e-06 8.143377270728818741e-05
4.136568414057641763e-06 3.418997155774956961e-05
9.440996644110179515e-06 3.823246125785201163e-05
6.021634607635885360e-06 1.244232527671290027e-04
3.181411102786552232e-06 2.264709165873916372e-05
7.637111575224885833e-06 1.175136241707837548e-04
5.940140570551762015e-06 7.364145208346241681e-05
3.629172450481707775e-06 3.027604544454787404e-05
4.615572409162489381e-06 1.576123706153167645e-04
3.800512341519816554e-06 8.335466643332084308e-05
7.093427328161151995e-06 5.211596065701771179e-05
3.087230440444969435e-06 8.858527530610211360e-05
4.140657083115952326e-06 4.732175041018300414e-05
3.580431278460465974e-06 1.423616056520320269e-04
1.297971552478837125e-05 1.153522805056331419e-04
5.169289150468684957e-06 6.323605556152367315e-05
8.127357609982903134e-06 4.125537433345173171e-05
2.879212647948955289e-06 4.845347229188358570e-05
4.824933985927981447e-06 4.851327347895406308e-05
6.410068426888352346e-06 2.507262633173021037e-05
7.987848259268419480e-06 3.851437812800716118e-05
8.863268823939562404e-06 3.021299930592936174e-05
7.496508365133126358e-06 1.167158136882100145e-04
8.120165934757003588e-06 1.090138312268273539e-04
4.391549325290380999e-06 4.725377054327437872e-05
7.033675347938021787e-06 1.240901950902671691e-04
5.969316854201106065e-06 2.423385709346330020e-05
3.526919101543994417e-06 1.503146970255928678e-04
1.942194000090016369e-06 4.686253580051783792e-05
2.444162025358999275e-06 6.957725620576042538e-05
6.945801368080491362e-06 5.161189009937265068e-05
5.504454616744908827e-06 2.294620232915254733e-05
5.581173652134982066e-06 2.498652801849932017e-05
5.748451831202735184e-06 7.782777449036455371e-05
4.265762852806030007e-06 5.226883177026562773e-05
5.425306163499758734e-06 7.567597747772896301e-05
4.779387271795778584e-06 5.137872258016143098e-05
4.533564765032338102e-06 5.432671824797616491e-05
4.244162877121435589e-06 1.338914748247527003e-04
1.762723753066575049e-06 7.519148330172653941e-05
5.213383544549906865e-06 4.497188371125785078e-05
4.804222260929024421e-06 8.506864329516719569e-05
5.133631721472953175e-06 2.401068577158576361e-05
2.907348433571147465e-06 8.042820935584065682e-05
5.676313486088509203e-06 1.204864176354910211e-04
3.361855098117083579e-06 4.361787041057106499e-05
7.893663815393382475e-06 1.652687160192784725e-04
7.340546504876625301e-06 3.426329983085557850e-05
8.022771619141436016e-06 9.318898011514440219e-05
1.304398283732883795e-05 8.691399485161265643e-05
3.314966838104694339e-06 1.073082159502913234e-04
6.441153773677811194e-06 3.890499495552359491e-05
8.426588099123968412e-06 5.462005886508429085e-05
9.655596207701948739e-06 7.376031641924902301e-05
7.325930772555574684e-06 3.989718733854445183e-05
4.933805621558750415e-06 1.270791625039483614e-04
4.262256716093384479e-06 2.741311677924166543e-05
2.633535015822767073e-06 7.998862978283748689e-05
8.125951724512302045e-06 1.166280402627744331e-04
4.869585174644326675e-06 5.303070152807053068e-05
4.259678316656336784e-06 3.164662904738465161e-05
1.354793064507257422e-05 5.768039890648707623e-05
6.277905540905886324e-06 2.643361713021564246e-05
4.518933185386947989e-06 3.558488839481347397e-05
6.353487765305887112e-06 3.067653803603714624e-05
5.901085525670808625e-06 3.466205694914945148e-05
6.700274865156952474e-06 6.979251862537849476e-05
5.004908586959378051e-06 9.387928265738774384e-05
3.076294974823437009e-06 2.516350554442395304e-05
8.597121172105788871e-06 5.624330736923473635e-05
4.833868911198730009e-06 1.737811057121354651e-04
9.552255801112320038e-06 2.617956505153368793e-05
1.377801541717279299e-06 5.406733904568143201e-05
5.620784154318631292e-06 3.621756516892870827e-05
6.023235323042846853e-06 9.193650336340108639e-05
3.284098269761022257e-06 6.688708244218610581e-05
7.641209942145809586e-06 2.484836808554153202e-05
5.049404049901344767e-06 1.257956553759896677e-04
8.237628457062195843e-06 4.216967446091706367e-05
9.335587404221544510e-06 6.667686325075353714e-05
4.836170686829826459e-06 9.057481051401356138e-05
2.184106620423321930e-06 1.238925840593246798e-04
3.038603743674511960e-06 3.001496528005704177e-05
8.195802540404696941e-06 7.055468117672154425e-05
4.214252313770281340e-06 1.205194808586633150e-04
5.197661760013545329e-06 3.130917442229573370e-05
8.752197829550389615e-06 9.221348827310512774e-05
3.577062136913865008e-06 1.180574782815364136e-05
6.046453935179386248e-06 7.070564449450543400e-05
1.848713800944025481e-06 2.215524546006375048e-05
2.123945480976005491e-06 8.984050662443411638e-05
1.175655999375246706e-05 6.493194682557390963e-05
4.681958212197525387e-06 3.221389622679710595e-05
5.742201790432326234e-06 6.920839402491997007e-05
2.816971237500143354e-06 3.304753387414875065e-05
7.412808057692237989e-06 3.036747395386298518e-05
6.031761352024567332e-06 8.062910254935373711e-05
5.348395656980130437e-06 5.681953055825804568e-05
4.126970745656685703e-06 2.520815912799247356e-05
5.388837811815099824e-06 2.201412655891538581e-05
4.379502321837131565e-06 4.093206420840154233e-05
4.345774239565699643e-06 4.439951018752257917e-05
4.158912975271953753e-06 1.894777834314629274e-05
8.773417717053452370e-06 5.231162330795517771e-05
4.266995814333471189e-06 2.457989895659067837e-05
3.109128334806879020e-06 5.042574245680316990e-05
6.490049548894987154e-06 4.552879363978093018e-05
3.993525364418225976e-06 4.385573066481360515e-05
9.217459515748252012e-06 5.061291920996588444e-05
2.184366087080789696e-06 3.962049210146264389e-05
3.538488474010890296e-06 1.722729630835373785e-05
3.287373296833055395e-06 6.030456328276918707e-05
2.973941004646986743e-06 3.319485633800883903e-05
1.126451911700866271e-05 3.932391327547066624e-05
1.040208737155200114e-05 3.708750052567486114e-05
3.124882828177713338e-06 3.802464975989381193e-05
2.096356235070686713e-06 7.701514778308562147e-05
3.547008602468898124e-06 4.921948427825092103e-05
5.959803813521994488e-06 4.150996214316176491e-05
4.708454891433466417e-06 5.604353147407053511e-05
1.515170216771137644e-05 3.505160461319747352e-05
3.495722755271458289e-06 5.557823428820357923e-05
3.004650406955644692e-06 9.817639866823133800e-05
1.045952843472715999e-05 6.063544269771482879e-05
7.093185139230737386e-06 3.274013295558597523e-05
7.290131873112170651e-06 1.682798148760050649e-05
1.316793896062958819e-05 9.483573762845238717e-05
1.277185753901586989e-05 1.341576896538345656e-04
1.984587399442454256e-05 1.680746863746092998e-05
6.084619570267446201e-06 1.091778789001181184e-04
8.095221209343429696e-06 7.681985254321847334e-05
3.304296911758711743e-06 2.425192835585930084e-05
5.674696490911121827e-06 3.782129076339912568e-05
3.000144109561405496e-06 1.157233390014599498e-04
7.171303104983697150e-06 5.819126109910489414e-05
4.377770244791256559e-06 1.937713690900362020e-04
9.093127470718492453e-06 8.847954180102935221e-05
5.313891958512592054e-06 5.000622713216472214e-05
5.649005073671236890e-06 4.347251995952844964e-05
2.298084246099245043e-06 3.692846613991977766e-05
3.324189476811138465e-06 1.506568103517850155e-05
3.752036779114775441e-06 3.232221783523589264e-05
3.971326977808987952e-06 1.251016481815836500e-04
8.747489697383267903e-06 2.380296211373042774e-05
5.398433295218532835e-06 4.986734148194852133e-05
6.973894737935664058e-06 1.022025503235946458e-04
7.096216450162726131e-06 4.197204251750000247e-05
1.402611281789344746e-05 9.169835747132931356e-05
5.538287650971988805e-06 8.207838707106365989e-05
6.641996950437862087e-06 3.406505964729429229e-05
3.563093277609242311e-06 3.326078071294064238e-05
3.280237818339837794e-06 6.550654004025640274e-05
3.248739224857057903e-06 4.263035057167400920e-05
4.889682762749725698e-06 7.435706098237930908e-05
8.269154527554712841e-06 8.239245155748302189e-05
4.750099809458086535e-06 4.631681883199788139e-05
6.658471040924338097e-06 3.617218095467756455e-05
5.835148317613360359e-06 7.682372562689723891e-05
6.413102615204673987e-06 5.305047694071465982e-05
1.093767824556896143e-05 6.719999156047011622e-05
5.981814578081458521e-06 2.393029962929452655e-05
4.377163271815198546e-06 4.945906481589838478e-05
5.292582297428483048e-06 1.144708938481442845e-04
2.514110219097905685e-06 1.755927916435667758e-04
8.909081205292631749e-07 3.200520693699201996e-05
3.868985229403442033e-06 4.570723282205156981e-05
3.269099299709990496e-06 1.869088847730636385e-05
3.946378335749955242e-06 5.412290783684774431e-05
5.910610817690582955e-06 4.012109792344842736e-05
1.611630016379610088e-06 4.439347445464472095e-05
6.420921443705840787e-06 5.325957674040514164e-05
1.089289804430605209e-05 3.770509866120297891e-05
5.319202147347025260e-06 2.553163478059068098e-05
2.988747395382478096e-06 5.772840864350097548e-05
2.265366334964089517e-06 3.593023755867701775e-05
4.971497432627693518e-06 3.636408435015642992e-05
8.660101976790830476e-06 3.595551852004350886e-05
5.450639763662620630e-06 6.888989114145196914e-05
3.366667376141775654e-06 4.459049195424360292e-05
7.651826603604837634e-06 1.443712279213058189e-05
7.120084019827704895e-06 7.775482980797718876e-05
6.277949253084719713e-06 2.198439899887367628e-05
8.311572130148935162e-06 4.490032570253515336e-05
7.147569770286839453e-06 1.413109277711081865e-05
6.004958807655424214e-06 4.998622941027768603e-05
7.631519135556252644e-06 9.692958167570343289e-05
4.692002390735401331e-06 1.541289655724403142e-05
5.739020960119602147e-06 4.035097119393135889e-05
1.356810616571546541e-06 6.922537921525329010e-05
3.301632546590074891e-06 3.328683613218845608e-05
8.698372885731151446e-06 4.770695258797539234e-05
2.216727010389590082e-06 3.484003462549790193e-05
6.328955404097971536e-06 5.728376725196184085e-05
5.216677457266157476e-06 4.089714782965490799e-05
1.262659430049042236e-05 3.928970058073883727e-05
1.087705155931298264e-05 7.453269998316821405e-05
4.403968792894156752e-06 5.926423269846190639e-05
6.818610524393231536e-06 3.443052017833110796e-05
9.551143939763617310e-06 8.470195236553216764e-05
8.545866029662017348e-06 5.982800460142713976e-05
4.428434338898484769e-06 5.715322870448793097e-05
9.465317219073693270e-06 5.704392674425515756e-05
4.703256500348883235e-06 9.440495985011110845e-05
5.521253356253285478e-06 7.337053477145949335e-05
6.752486907244997696e-06 2.125134748393046793e-05
1.140162140966940789e-05 4.437259002634051083e-05
1.325991914439307821e-05 5.086620385679466232e-05
5.517959688108675842e-06 6.128759807735092036e-05
8.499452230598918614e-06 2.597195266249179000e-05
8.377451456256792363e-06 6.625219881900795780e-05
8.310797218892509278e-06 9.440553412399205300e-05
3.787743280435094191e-06 4.348186835812564564e-05
9.850934731542976795e-06 1.284685438304230675e-04
5.776207969225920062e-06 1.603336059634486468e-05
7.575609638890048207e-06 3.476073605852902042e-05
6.620419209687118926e-06 5.332329409994833106e-05
3.809596173926086434e-06 7.671123854755946376e-05
4.794570766917373797e-06 4.136050669047803082e-05
4.769576695801035557e-06 8.481146573052131255e-05
3.378432815735148628e-06 5.550401266700294038e-05
8.880164277352292041e-06 5.068164317077999953e-05
3.282222344801635209e-06 6.045045329404684196e-05
6.452769828223109856e-06 2.397248892614730018e-05
9.036358144189561947e-06 5.249387364980214046e-05
4.703011925702809143e-06 1.832090114251821577e-04
2.339581936692876469e-06 1.113094489289816771e-04
1.306252065803298352e-05 3.755302825208942704e-05
4.357200959523054873e-06 5.639721796081716924e-05
6.905703990008974398e-06 2.480079102143382331e-05
3.228637601848117802e-06 2.027992422187483690e-05
2.056844108891688378e-06 2.468910255141646250e-05
8.077240328999108504e-06 4.226551933863162495e-05
5.970599287232697436e-06 3.285006207311708527e-05
8.455931151877416689e-06 5.212224157509714556e-05
3.498254457876836539e-06 3.799942582224890127e-05
8.140835682506240780e-06 1.669719837074184649e-05
4.539216449539221539e-06 3.815887847554518577e-05
2.681541348090258278e-06 8.141630603161977193e-05
1.036506979238840249e-05 3.900568480466051828e-05
4.484101516104753383e-06 2.998937509153691886e-05
9.379101715224047087e-07 6.049238341580384279e-05
2.586934231206608210e-06 1.893263069758678512e-05
4.780119459159721351e-06 3.011391016566541143e-05
5.487390972918359940e-06 7.404049274756959701e-05
6.091181797967876756e-06 1.936531682214898901e-05
7.879633362382204576e-06 3.481482772967022166e-05
3.424358274746997752e-06 5.814851355486310423e-05
2.875544824326971031e-06 6.955557164302311301e-05
1.080084199055148966e-05 6.586838161713052858e-05
3.400075677343864068e-06 1.792881283857271409e-05
5.831885623999059330e-06 4.177556507954572929e-05
8.810382708681660689e-06 6.152601708607966901e-05
2.142443214207627970e-06 6.902278087929921509e-05
3.049666195980304772e-06 5.217234296447188015e-05
1.004993752068624985e-05 8.565428811255648039e-05
3.564412419630252619e-06 6.713612368251286927e-05
5.171009871223592175e-06 2.963959427278574114e-05
9.841391284980639326e-06 2.344651228264932718e-05
3.145891067688584973e-06 6.827596928840654305e-05
6.268979834685679885e-06 4.289091384083559529e-05
4.821294368324240624e-06 9.452903937444253810e-05
5.473724559482256980e-06 4.003492819350107362e-05
4.500080475313626570e-06 8.018281795001717873e-05
2.261548267731230982e-06 6.189046227217040452e-05
1.306364144168086503e-05 3.779197069007420961e-05
1.010989994424288858e-05 4.177330514554527391e-05
2.184680732896646215e-06 5.830759683186453836e-05
6.305534692569451016e-06 4.391427382895210079e-05
1.406442350119501577e-05 7.297439653572249400e-05
8.296765067356963756e-06 4.071593244934721274e-05
5.118850910786637208e-06 4.373156560812205707e-05
9.566950690222627055e-06 2.374668514112310204e-05
5.859102450205845671e-06 4.168949583688213919e-05
2.997555314803108152e-06 1.165580623752039071e-05
4.210864343718864719e-06 4.380681117857355153e-05
3.326147420884482259e-06 8.595604581621865920e-05
2.273493304219521908e-06 7.220018241074765974e-05
3.019761623731695535e-06 1.711216390674084929e-04
4.267751061429714492e-06 4.798694839864070592e-05
1.965358905606212338e-06 5.403147665695910658e-05
3.919066748137644934e-06 1.986231115846082921e-04
9.663864598356730926e-06 8.359097527374482420e-05
4.522332715172163760e-06 9.272709103763079799e-05
1.328209376626471718e-05 1.106677017185814514e-04
7.149710554122405877e-06 7.643727917327370485e-05
5.491325014573269937e-06 1.903703213651787733e-05
2.522029727132063555e-06 6.041516969174226932e-05
3.858764170341312407e-06 5.011096018864489546e-05
4.228989765934511664e-06 5.917146637616235933e-05
5.380145363711965787e-06 4.625833413925751922e-05
3.893130203643755650e-06 1.543961081004709612e-04
5.162058375008087871e-06 5.501079162279429044e-05
5.834787423761244849e-06 5.578178064923560277e-05
9.624096729820017036e-06 8.209749676309234165e-05
9.891143288859580420e-06 6.706861012760794371e-05
9.199472090079096730e-06 1.048902222448374629e-04
7.588236268601701177e-06 3.409292496388751113e-05
1.037955697598346370e-05 7.390919391664424389e-05
8.601362575084493031e-06 3.363355744668549969e-05
4.432452923097368056e-06 5.875393095858568419e-05
2.633525061193535198e-06 1.245603907749024948e-04
9.063156399695038623e-06 8.761887631746169750e-05
6.044845700604382036e-06 5.203837874641239862e-05
2.312236889465091764e-06 7.706766943356477392e-05
3.557821801502317054e-06 8.611434485398851435e-05
2.297319406986145294e-06 8.630841887738015684e-05
3.353266924432309968e-06 5.849738643215064812e-05
3.216320073855733555e-06 7.138049524091167263e-05
8.738728245648468671e-06 5.919465018553633377e-05
5.765575522958031795e-06 5.792416314962309373e-05
2.938953237810046650e-06 4.516482805641007839e-05
6.290059016216727476e-06 6.781276418600178481e-05
1.605676496285577804e-06 3.520450170415274043e-05
5.353977474252916552e-06 6.892651872297097311e-05
3.778281087408293175e-06 7.035236032365510225e-05
4.161726594793877411e-06 9.636684798694885364e-05
1.245029439115705910e-05 3.600995872310206011e-05
2.616872190857575129e-06 1.975752103472283149e-04
9.464201539827264603e-06 6.786817385861586662e-05
4.208449491712868303e-06 1.075406878918247911e-05
2.918814456475777811e-06 1.530960916181542042e-05
9.972792867693300813e-06 7.955411869373531892e-05
4.772363627287874015e-06 1.944018783380566559e-05
5.981126027274583383e-06 4.334428190858722360e-05
5.433028137789369708e-06 3.059101946110972468e-05
5.263374209751577644e-06 8.089047180908487660e-05
8.614924523675175476e-06 7.424286545687493286e-05
5.928745171464429164e-06 5.876796091255046564e-05
4.089925099838616086e-06 4.544774691284738803e-05
5.085619626697119021e-06 6.423393391488285318e-05
5.463780523651365654e-06 8.015628445668837078e-05
4.960987106288584171e-06 5.870899311861100346e-05
5.073328555727143606e-06 2.586268062236856516e-05
4.406819567652552735e-06 6.896748526143363486e-05
3.480789452022267278e-06 4.854957154898484253e-05
6.220442663817638415e-06 4.131214185930913050e-05
3.733217424580197868e-06 7.137127309853404003e-05
4.870338709458104538e-06 1.426614099476036192e-05
4.836451204291623921e-06 9.385104551339446498e-05
1.093540126995134314e-05 1.650901260873419019e-05
2.240997273228164812e-06 5.021142564835392926e-05
3.842963404724406408e-06 4.649199951444143406e-05
3.816377165198037645e-06 7.453430160758661791e-05
2.366054651115235892e-06 4.849191547213598527e-05
3.368186276241096471e-06 9.111227537404763873e-05
9.192656281073567569e-06 5.043489673806119934e-05
9.067685028078256447e-06 6.625071839395285710e-05
7.038157652010247324e-06 5.751944493502738910e-05
5.041341366313547710e-06 2.764114163582066469e-05
3.580743306829368124e-06 2.278837764610685301e-05
6.274177187395954383e-06 1.342359675024464595e-05
6.765841582440828075e-06 3.335020893148701762e-05
3.503176196565848738e-06 2.217432429996533187e-05
5.655194396085965456e-06 9.373995184344442743e-05
8.504355321719791103e-06 1.827927361134766863e-05
2.851166022205957864e-06 5.733908746964028977e-05
7.887102389804236959e-06 6.075119141126239113e-05
4.171325617825300040e-06 8.720112087548679213e-05
7.745002400621459377e-06 4.346021926020553276e-05
1.730199055398976905e-06 1.708112600662655824e-05
8.566788998950675881e-06 5.626027233954791979e-05
6.101172395918967271e-06 2.798907416530399379e-05
3.454583047121684273e-06 7.353782682078742505e-05
5.247866303890709808e-06 5.502462254888975226e-05
7.383077798910000338e-06 1.244355521221806812e-04
8.010713244545416788e-06 5.260789820882867115e-05
4.194971226861159005e-06 6.884759237941276172e-05
4.720292377166097362e-06 8.696145182614320056e-05
5.960727132449101221e-06 6.020453780065836488e-05
5.988403949945250600e-06 4.520142507483289329e-05
2.177679863729135525e-06 1.110521740629383318e-04
5.487451130246481448e-06 8.466509943959043573e-05
2.421309068436228613e-06 5.542295103668216488e-05
8.511127044989019364e-06 4.050664031772751900e-05
2.616306147149511274e-06 2.402970464911370307e-05
5.439985459237549002e-06 5.867339064672736737e-05
5.685245290651106575e-06 2.111265678086067846e-05
3.119778738789773867e-06 3.552902703957986963e-05
9.365038499183974831e-06 2.217744619554564128e-05
6.022846261560709717e-06 2.596248903015509877e-05
7.669911925608264514e-06 9.286995437905720945e-05
4.764148123255495652e-06 7.158853832584960192e-05
6.176584357733523100e-06 6.131999589149864864e-05
1.003591234660076364e-05 5.329114796419766564e-05
3.213078953142878771e-06 7.157655471079982983e-05
6.068323417847668771e-06 7.743793036967169514e-05
4.566624262151429752e-06 1.091579349865544189e-04
2.874141446975743347e-06 1.915939934217061099e-04
5.688614182315174222e-06 5.374978965533864567e-05
6.874149452536607435e-06 2.591191184557779730e-05
2.215922793504104697e-06 1.371431304998467938e-04
3.912410699306627588e-06 1.669423031839455414e-05
7.302115464787039422e-06 7.722056124252072915e-05
9.117471029525208069e-06 3.347837449834600360e-05
6.504082373013497070e-06 5.600578165517811416e-05
4.986109007103001492e-06 8.870830782491420468e-05
7.085598731291930040e-06 4.868456333953610136e-05
6.405982369259209919e-06 4.919081292216629725e-05
9.704761626166931722e-06 8.450741977584568475e-05
2.657158349216583517e-06 7.122690258157109990e-05
5.844794038104071661e-06 5.946873751456702319e-05
6.958885208393335108e-06 3.339527569094006930e-05
3.711943610765792320e-06 2.745882710477287231e-05
1.603871716010965673e-05 6.554597269937819336e-05
4.149237512454992784e-06 5.782723357258043301e-05
5.694294763031057744e-06 1.602743896797958139e-05
6.093090843002309941e-06 3.296383218207149919e-05
1.202603155811340676e-05 2.143167076810080453e-05
7.370145378460857953e-06 1.633326288035964594e-05
9.151456667320140341e-06 1.284170334548493514e-04
6.170656936285393051e-06 4.799216859525269862e-05
7.701608766838886097e-06 2.313608823545414017e-05
7.867125887155869329e-06 9.081477475860372283e-05
3.939330851933062611e-06 6.800498886333815947e-05
3.827315096916445068e-06 5.326882549977769829e-05
8.230295425438814339e-06 3.045378775656839274e-05
1.079964648945219816e-05 5.943214457252818692e-05
6.657808998389092893e-06 5.041624509071314592e-05
6.012088051161986119e-06 5.179292867281245274e-05
3.102697612753388561e-06 5.741576772793540855e-05
5.736767102153933158e-06 2.356028961884023700e-05
2.334185546633120185e-06 6.448203232757198560e-05
6.343730425443717860e-06 1.327462819565484607e-04
5.464140010459046959e-06 9.112673984680896074e-05
3.747699033510294484e-06 9.520846225688463975e-05
4.499243093549114933e-06 4.851387327152532469e-05
5.231506270513589845e-06 7.472922682820931422e-05
5.899039135747382863e-06 4.360691843421444564e-05
7.729216158180493405e-06 6.697165487221443244e-05
3.122056842735713414e-06 5.069135696358384073e-05
7.426378676994109101e-06 2.377634682682154904e-05
4.581787126145630380e-06 2.432839926863775246e-05
4.831840056708202221e-06 1.879764815608772722e-05
6.150505174360720150e-06 1.992287624917840039e-05
4.956876268207140023e-06 6.342102740671520442e-05
9.784126961931112744e-06 5.916189894320897938e-05
2.492972713873742129e-06 8.129191116180464847e-05
3.998935531465838668e-06 6.291912008477487249e-05
2.834112938183028813e-06 8.207258452571908325e-05
6.536654516579901832e-06 2.010578969811982030e-04
3.242020965006986509e-06 3.612803508249221967e-05
3.977328844203731795e-06 1.040338752041662722e-04
4.766825233365678723e-06 3.701418482463785523e-05
5.893208619927030757e-06 1.401201730270471783e-04
3.028006985923376334e-06 8.757802726967976726e-05
5.653453816297296205e-06 8.559290725275751563e-05
5.703012482208639073e-06 8.312716254562893981e-05
1.169405337999033732e-05 2.560741205804529185e-05
1.151153659500908496e-05 2.837024932224301106e-05
4.967770124209207550e-06 3.170461458235880001e-05
7.615263762868747703e-06 6.535991372734008319e-05
1.121301800379695575e-05 5.237929483805406464e-05
3.741001414958581358e-06 3.771001667627143058e-05
5.117453893387191527e-06 3.740290810164782547e-05
4.001998746103663571e-06 6.974943732901379501e-05
4.778807093746761284e-06 7.561072201292485997e-05
7.376855977154169651e-06 5.309373455354272859e-05
4.250876401160237119e-06 3.713855590846307057e-05
5.741168948795216335e-06 9.698595638302139619e-05
2.904998107238771542e-06 9.001818601884315580e-05
5.754679184762837047e-06 6.382400550231967344e-05
1.105004126810729818e-05 8.816668299543839980e-05
8.930084122806291569e-06 5.510947128519336295e-05
1.153631148265134877e-05 7.116272248491471632e-05
4.284785969143912874e-06 8.260350099445522634e-05
5.196033849734121934e-06 6.749550930458768350e-05
7.772101600317468339e-06 4.309533844662052834e-05
4.262122767539237615e-06 5.100396117328783829e-05
9.935857571003725632e-06 3.043906434880295963e-05
6.812176310133687646e-06 4.499587220815073435e-05
5.366687964083896676e-06 6.770831652093166678e-05
5.095666918679834399e-06 3.036714130138700593e-05
1.710472256661126113e-05 7.670332576760855467e-05
3.205540804286163571e-06 5.003601893542369752e-05
4.366295605292007052e-06 6.155529096139027861e-05
6.784686002821993240e-06 1.513495233998096083e-04
4.255560589826760527e-06 1.186360622647437832e-04
2.700638645330499474e-06 7.129157987182425601e-05
3.395683813271242811e-06 1.018727465624466046e-04
1.683603530820635332e-05 7.680459895201001050e-05
8.786019568605798040e-06 1.154911731361428696e-04
1.393068858928319900e-06 5.894841492802173610e-05
4.073661571734216733e-06 6.151667517686268676e-05
7.522185480907680938e-06 1.280714932524192702e-04
8.438955868205310208e-06 5.984341979856676791e-05
5.029240642621725466e-06 7.986467641463107319e-05
7.105543176563271733e-06 3.629951819422600623e-05
4.315780122002029421e-06 7.487473263225156593e-05
4.266648216405924804e-06 2.548651705956763659e-05
1.491066829752267598e-06 7.727049550593913338e-05
3.586877973731844037e-06 4.730095275688536721e-05
4.567231321311678991e-06 5.679197779781489656e-05
3.821355879565813874e-06 4.811193744471069196e-05
2.775269380736622437e-06 3.863003630786255395e-05
1.127953516612789440e-05 5.132462989152079732e-05
4.503963060780280644e-06 7.997993238448921098e-05
5.230335912946316606e-06 6.025189143250671899e-05
3.763659758872741657e-06 1.565123808916737871e-04
2.754515159658478000e-06 4.571059230471115185e-05
3.435562600965563822e-06 2.327354137504035676e-05
8.635782617785731815e-06 4.197765577648490107e-05
9.020500616915594314e-06 3.898307281060030472e-05
4.987719427966897397e-06 9.631319394338396032e-05
6.248359527892695229e-06 1.213778508502590369e-04
5.329312338367449270e-06 4.723602095354822918e-05
4.296185587034608884e-06 1.864267110075471231e-05
8.180315749490840038e-06 1.487103310764702527e-04
3.772191548062131040e-06 1.173270621019239654e-05
5.079274661387305921e-06 8.560674812972908553e-05
6.391081228197318634e-06 3.084142886011531940e-05
4.910053642625499084e-06 3.134742642644855801e-05
9.058914482131089795e-06 5.505397056983922960e-05
5.727881938335762330e-06 1.161028368325410005e-04
6.879082853129609038e-06 4.588965237117372447e-05
3.011220931950596571e-06 5.519477720597195069e-05
2.128957852708740701e-06 1.439714726081078487e-04
4.141015669750860633e-06 3.342767097210832226e-05
3.792192926945877720e-06 3.860858863437578026e-05
4.466670350726869637e-06 5.279531165453574086e-05
5.481091995908510385e-06 6.576135355909773917e-05
4.113919411603516814e-06 3.684031634137158845e-05
6.142203806821332986e-06 2.198573755737190423e-05
5.555376652675146885e-06 3.758368773096098175e-05
2.267085168264586678e-06 1.337358050369355305e-04
4.307319065242739581e-06 1.001186906076791767e-04
2.580990808651028304e-06 4.727156964378507244e-05
3.371081541688360025e-06 2.684144192191395884e-05
8.036858573592244213e-06 2.459064376830026136e-05
2.993235863288410228e-06 6.413240907595045678e-05
2.862116006666921899e-06 4.023098944663896007e-05
5.380679702913337265e-06 1.126398674512758526e-04
2.104406564311516919e-06 5.827734667396343264e-05
6.753637590052218949e-06 5.761119745947485866e-05
6.589527951001063487e-06 6.956100147756442932e-05
4.308590342337501588e-06 6.908756850899313467e-05
3.637747551290533714e-06 2.307188125834571822e-04
3.738794332921023685e-06 2.373838132524390518e-05
1.157319061860720325e-05 3.293411347506736896e-05
6.451233619402403585e-06 4.863978844301308693e-05
2.667361907159823748e-06 9.435106841536810250e-05
4.987602820083021053e-06 1.135045810727068133e-04
9.739282230245585549e-06 2.160998919124520424e-05
5.066133929627646564e-06 6.064230393319293059e-05
2.520067286433147597e-06 5.111745326835943594e-05
1.025659372010065744e-05 6.315811063164579258e-05
7.940396303416253233e-06 4.501065574850050078e-05
3.745506950576921321e-06 1.620290031803003664e-05
3.451890106170573631e-06 2.763378018034511353e-05
3.306560581158214611e-06 4.934439663681751366e-05
3.623026842389272245e-06 1.118003398739204234e-04
5.019425345524194489e-06 6.548952424552003770e-05
5.127740935885079120e-06 4.898527659367085197e-05
4.858687972786025136e-06 7.580036415951001410e-05
9.935314285183385622e-06 3.439942290926663462e-05
6.998215741691672285e-06 5.002343358717179384e-05
8.549047014114602167e-06 5.187913009715256293e-05
4.590493713177461756e-06 4.660350463318054637e-05
1.300482530662684471e-05 9.577215108896072315e-05
1.680576506830274992e-06 5.520771225154538976e-05
1.048762446942139540e-05 5.074214723662514394e-05
2.355311353156998109e-06 4.649581464709259668e-05
6.024140758463179102e-06 4.927282582160896399e-05
4.079449162396605068e-06 3.416502996020975765e-05
8.530601696956595302e-06 1.224188209152015175e-04
4.948677696316015426e-06 3.048162314234139237e-05
7.309049905359667029e-06 6.383208851071996105e-05
3.929668505951741717e-06 4.080994411786585847e-05
4.165249092746888394e-06 5.397797191471569552e-05
5.728108339679563650e-06 7.485061900594867500e-05
3.207052635441237664e-06 4.037313497642680592e-05
3.191135705527891748e-06 2.620466247045222881e-05
5.401474969355300694e-06 3.282566512149301619e-05
8.711897569911175728e-06 2.304833278884288331e-05
1.416608948459794656e-06 6.608800857361171819e-05
6.957891338893114543e-06 6.506741982861273023e-05
4.013422517318490132e-06 4.456559894159374058e-05
1.174270998395991082e-05 9.680449513442943206e-05
4.388332610618669800e-06 8.758556510795164002e-05
3.236983386203293591e-06 3.669871466549098432e-05
2.985309883353172069e-06 4.797054926156341320e-05
6.586904409413688132e-06 3.856866131356938347e-05
2.634482030030628468e-06 6.770380786524926456e-05
