7.088886989750452358e-05 2.327459184630681584e-06 3.589396357115073357e-06 2.792199770597566856e-06 2.932278490866487360e-07 2.945327411086732365e-07
5.096352107713339344e-05 1.023783204153329377e-06 2.577944136559650692e-06 2.036889620546945236e-06 2.863865252038087859e-07 6.866623394872044279e-08
1.161762813084483207e-05 3.996398597335455293e-07 2.339131212713482227e-07 4.585485382078177109e-07 2.647619386889882316e-07 1.349610784720888153e-07
1.825389933236263996e-07 2.466815479780583816e-06 1.749182553471433809e-06 2.020001200759032413e-06 1.498214405835241572e-06 1.528473388779698999e-06
6.379648617501843669e-06 6.051500775428670196e-07 4.555912892020600628e-07 2.518384212694849087e-07 2.015611268530977772e-07 1.053857617565840375e-07
1.935601428296678623e-06 1.486128630168630642e-07 1.854933699748851001e-07 1.743312361880008257e-07 2.987762487908407561e-08 4.535437607178419379e-08
1.857375900259480949e-06 6.585888780229149539e-09 7.082719667614423459e-08 2.281835944126179554e-08 5.151954554115038240e-08 3.160928223304566957e-08
3.407355563300037107e-07 7.303066142450582573e-07 8.944487936199496953e-07 7.414317851819657644e-07 6.984193308356426649e-07 6.215850474968235510e-07
1.486872650561950195e-07 6.447743547945090570e-07 6.681659667048698075e-07 4.910609317278657813e-07 4.007419157212156647e-07 3.472015840722500186e-07
9.120531737452525233e-05 2.575167570790740643e-06 3.403894191764615720e-06 3.152105369095165590e-06 8.463220617998125902e-08 7.889579137995674891e-08
2.933030923844826937e-05 1.131842063153130555e-06 1.911038700994409256e-06 2.087732605588847505e-06 1.594307221029592543e-07 4.787278108931098945e-08
8.565312039559535689e-06 4.237942617522310711e-08 2.051301778220414433e-08 7.306200445868756030e-09 3.690953250028443350e-08 5.452888595313856543e-08
1.849725663117236478e-07 3.877802020226440366e-07 3.663545015649391231e-07 1.655348577619338139e-07 2.550212016913290536e-07 1.489264462885364228e-07
4.523992706326161388e-07 7.632532959370232928e-09 2.762385669510247821e-09 8.801664484213271834e-09 3.448840191513889695e-10 9.791458890310230341e-13
2.180667663202558927e-07 8.969873651334856602e-09 1.206292578645446390e-08 1.002415342226184422e-08 4.586068557640618016e-10 1.094552504173154501e-10
3.791822922160407699e-07 4.925012295549281140e-09 5.172762064491764752e-09 2.320972385761616854e-13 2.358220548912877383e-09 1.245155843106790857e-09
3.988501083094430222e-07 9.374253856881691505e-08 1.085950807061151195e-07 1.125428288234955316e-07 1.684288765888743307e-07 1.599230290844933841e-07
9.562458143925383732e-07 2.798662932552434031e-07 3.163595307638409158e-07 2.462807805048855054e-07 3.494787291982717503e-07 3.779236223118071167e-07
7.274030515973012147e-06 1.290680002481435443e-07 1.948200194247940801e-08 8.526484006642402739e-09 1.231900045491822763e-07 1.922813795082742082e-08
1.289888145672415889e-05 3.500074355334852343e-07 4.788231917629212292e-07 4.547797117221732603e-07 1.310673773875593785e-07 3.370734492631902331e-10
7.281222256298582613e-06 5.210550594692729603e-08 5.674968180507578349e-09 6.057045417822567138e-09 2.945793509647622445e-09 2.673057645393382930e-10
3.524014288324801354e-06 3.251495052744654368e-07 5.861283794538140126e-07 8.564204335036247710e-08 8.175322939923312539e-08 1.327636700357237511e-07
3.268965690165447781e-06 6.010818025714152075e-07 7.866600811564663154e-07 3.091049062517510999e-07 3.109775025746416441e-07 2.773715587216504603e-07
7.521305737648622940e-07 1.965112390181230626e-08 8.656487141050946859e-09 8.615851723474249470e-08 1.173396657420670761e-13 3.179243776204697405e-10
2.065401646812724295e-06 2.281061148494827067e-07 1.197923598712192288e-07 7.908385062818166361e-08 1.356236521647840980e-07 1.759813115636718217e-07
3.134159109743045146e-07 1.470324034832700113e-07 2.232490546783995932e-07 1.962356542008958333e-07 1.744445957182838446e-07 1.782438935022409599e-07
2.830973024184505225e-07 6.420706398428636981e-10 1.523042298235356630e-09 3.435758769001922874e-09 4.274397002268231934e-10 1.910620037679168951e-09
7.988442961525087500e-06 4.030578093413790042e-07 2.875685716380084328e-09 4.329541121872170813e-08 5.913389622707810839e-09 8.190540842574702378e-10
1.448589680802491880e-05 2.154437585301808469e-07 4.483361925591872300e-07 4.257637228297776924e-07 6.783951182269748251e-08 1.103578835344393494e-08
5.988129604576217588e-06 1.185905943958760309e-08 1.541957928461462052e-09 2.333791025623716246e-08 2.440737492317738649e-10 5.816898557824860119e-11
1.920574445275736570e-06 7.584907161106937010e-09 2.515322069583901303e-08 5.983771962416451937e-08 1.334461961029638450e-09 3.733832463878381800e-09
3.471863645445487557e-06 4.410797295760721360e-07 5.061094954523333201e-07 1.309822664692870503e-07 2.654985443440770660e-07 2.567566400980869102e-07
6.339532834286740902e-07 9.127079877034138542e-08 3.992568387754373361e-08 1.902864989940968927e-07 3.713897217121212314e-09 4.634991845939676955e-09
1.641640650897873086e-06 9.473545970162205179e-08 4.805184838526757288e-08 6.789279747256269487e-09 7.539475467929343988e-08 1.092455320386858549e-07
3.896252399616592326e-07 8.904271027023862783e-08 1.146553909380707533e-07 1.103144465310839877e-07 6.036432594546636626e-08 5.743705489403582202e-08
4.854940659474722253e-07 9.064695048761616335e-09 4.812700962750098713e-09 7.803157842460666344e-10 3.123247839344911169e-08 6.102297499239176994e-08
4.276819422064536596e-05 8.848242918292934364e-09 3.145804666129127212e-07 2.321578928978578212e-07 2.935143782894017874e-10 1.246608638078920177e-08
3.047340056492668140e-05 2.073904296138810411e-08 3.235407364237396870e-07 4.667189280273683380e-07 6.341048435162121915e-09 2.232492080222047334e-07
5.135070664808917804e-06 9.368187214474404028e-07 5.119240663314358129e-07 3.543903808423988178e-07 3.282982676361319691e-07 4.490957655096126161e-07
5.717351400008996108e-08 1.754507188970701792e-06 1.495389058273786482e-06 9.923725253156548605e-07 1.033771955049919221e-06 7.265788615789714075e-07
2.181541226345988857e-06 8.519106667631618264e-08 2.074380561438985685e-08 1.907617012717818156e-08 1.446607365198899693e-08 9.546323307545171375e-09
3.196746141112985949e-06 1.069374194228501477e-07 1.400459979888264193e-07 1.148470158253172170e-07 2.581237354749457539e-07 2.413332947444847749e-07
4.091614791328904486e-06 4.377058781816705110e-07 3.545302631412423072e-07 4.062266885951711497e-07 3.697257953234614568e-07 4.775378830352174827e-07
4.952148477911735648e-07 1.325860684234742299e-07 1.510937904685753132e-07 8.210570296249149060e-08 9.101810683130094032e-08 7.138394686408830156e-08
6.982745920127737861e-07 1.066790394845982119e-10 1.818145383676302974e-09 3.156986528694646876e-09 1.540417633503210987e-08 2.073900541687884177e-08
9.267425200731974190e-08 3.678072953526700463e-07 1.983098111344197972e-07 1.316740197894394633e-06 1.076155804803499208e-06 2.567668487112755788e-07
2.815920217774485394e-06 2.184184048610329942e-06 1.734996406549023884e-06 4.526067225427838957e-07 1.037345717935528126e-06 8.107244276166271887e-07
2.065375095531857418e-07 2.820678733998146893e-07 5.771973831247098948e-08 1.253647563678323949e-07 1.326294614826338088e-07 3.791437098598769479e-09
3.277596565900688144e-07 3.551096401107618655e-07 6.083346074488316990e-08 3.839950772103614594e-08 6.797519375462084722e-09 3.695701692970576236e-09
1.478517229277814750e-08 4.258029173995318602e-09 1.582657723459255517e-08 1.205165266897034802e-07 1.152468493479766802e-07 7.687582609549971937e-08
9.924867724648286581e-08 5.011517301278874959e-08 3.131243720303942864e-08 8.184524752467244896e-09 1.075071135164214534e-07 9.310116635286680643e-08
1.047678256488257367e-06 8.541235315543568308e-07 8.476205842597428286e-07 1.167315305885429760e-06 6.687836457491873252e-07 6.710098800122602322e-07
5.241471196165793928e-08 4.111258316155410338e-07 5.242605771444242388e-07 5.896689006199767583e-07 4.583616965507724744e-07 3.707000043002216353e-07
1.579293557288227504e-09 1.086247799549594243e-07 1.497500870339999014e-07 1.775351332863275373e-07 3.875415788590519293e-08 3.210416917452875493e-08
1.032484949135333817e-12 4.872388582181552421e-07 5.834596441447965141e-08 2.807425135643957163e-08 5.544657216357639154e-08 1.189088812893906871e-08
3.034717176621527768e-06 1.489073116488948293e-07 2.117745560858263077e-07 4.215416540667413449e-07 2.192446050976586623e-07 4.555592127943283979e-08
9.175807565511599756e-07 4.483324912848752475e-09 2.028168192937470184e-09 6.127130162587578953e-09 7.526772481246669480e-09 4.687727745189272829e-08
2.493574879104497155e-07 1.577693563988911967e-07 1.776429140175390715e-08 1.744604215712824147e-09 1.331766323866859893e-07 1.787427583244652846e-07
2.908903579896036312e-07 6.729146208331918850e-08 3.267256064697323485e-07 2.698355185810734231e-07 5.844219025900007462e-10 9.056329326580227318e-09
2.187164795345424835e-07 6.859851166165611142e-08 1.896711295202249214e-07 1.413771288955376508e-07 2.694336436548166385e-07 2.401525669313636340e-07
2.996140846795568376e-08 4.472117044537888550e-08 1.052580618939339141e-07 9.961748577433055794e-08 1.349102362648370974e-07 1.686667715412834354e-07
9.097481745263427369e-09 3.792527154714201758e-11 3.630991431716782809e-09 1.939890859414408356e-09 3.134495398136232692e-09 1.166986354827901678e-09
7.296096611762960057e-07 7.137891332398902319e-07 4.873675109313092013e-07 4.617853145428295375e-07 6.567884531742056070e-07 5.719695178202933354e-07
1.379710505888170151e-06 4.142101302241541898e-07 1.007034390223783684e-08 5.181193441959019076e-10 3.128737514885728355e-08 1.823060813574676443e-08
9.238577622388436051e-06 1.837430030376634512e-11 2.560283281231120766e-07 5.901543368050069109e-07 5.099477388729508821e-08 2.576248885665288511e-09
3.682482492273524412e-13 3.138882987816277964e-06 1.061255029842801947e-06 6.392001635361783294e-07 1.031742319881992850e-06 6.641721873766296430e-07
2.991097921279724900e-09 1.475100780671232468e-06 6.831259716559110794e-08 7.104097072957033999e-08 4.076883134958982858e-08 1.302375473387042582e-07
1.133744135732912308e-08 6.386918622134129041e-08 1.047763430910832906e-07 3.142411707624030888e-08 9.753133617952630585e-10 1.340518937715693333e-08
3.882974377105126996e-07 1.679548740421501551e-06 7.111991629913476613e-07 8.445616701375103030e-07 5.743564729617694128e-07 5.781070531983278777e-07
1.621217242764516004e-09 1.382278701495831766e-07 3.343457783291937598e-10 1.216594999279289501e-09 1.152325204308267578e-08 3.285906365345254060e-08
1.032109322085642295e-08 2.885167144026926287e-07 2.222794503956926118e-08 1.335969780840393149e-08 1.064612011363735832e-09 1.378155354417620815e-09
7.232402648825437062e-07 1.265321144529595093e-06 5.129968657898362643e-07 5.274883631249514001e-07 4.432046839412613843e-07 4.103710492167714359e-07
8.423499870717669484e-06 3.045033331274713388e-07 6.503366170266159414e-08 2.343731918471920389e-08 1.172711909188803128e-08 8.125905689799263889e-10
2.422978040218878537e-05 1.620791712794566470e-11 5.206441760873590506e-07 1.123635331071677065e-06 3.116292975628725008e-08 1.175209000893685191e-07
4.843082160910397769e-08 2.366234582743937369e-06 8.848998571888032206e-07 4.213105843961328575e-07 4.626842799065775324e-07 5.722373762481026784e-07
5.026603243381332628e-07 3.004863473482235524e-06 2.084445006799070868e-06 7.180276352261763541e-07 1.005003923022378243e-06 8.185809354699088573e-07
2.009483430362118040e-07 5.010515605910175543e-07 4.906194910434949186e-07 1.846859379952417695e-07 1.421351385272064283e-07 5.072598842565649233e-08
6.777658633622092835e-11 4.581360314529423985e-07 3.479431498460596721e-07 1.703450961630225404e-07 1.926710410749375426e-07 2.128037530634241942e-07
2.480258316526764160e-07 1.132233728950569826e-07 1.118700591794881054e-07 3.909765435809189296e-08 5.446746312192987591e-08 3.135630291376237818e-08
1.877645743465954834e-07 5.551082970140986670e-08 5.661960861797855000e-08 8.118599314620799122e-10 2.130033141506723241e-08 2.148773232299477328e-08
1.538246214376187956e-07 3.709506211647414620e-08 5.958689913064051895e-08 2.599395045103611910e-09 1.558803724711593858e-11 9.494990614000962746e-10
